   1 82
   1 Enter background image path:
   1 Enter green/blue image path:
   9 2
  20 3
  25 79
  30 4
  33 78
  35 72
  52 70
  56 71
  57 73
  69 77
  76 5
  86 75
  88 76
  89 74
 103 69
 166 6
 176 68
 232 19
 249 7
 273 20
 276 17
 276 22
 278 18
 280 23
 297 21
 318 24
 357 67
 427 8
 459 25
 570 51
 572 50
 580 52
 597 9
 650 49
 651 10
 708 53
 783 11
 797 48
 818 26
 845 54
 933 55
1006 56
1038 12
1131 13
1348 66
1451 47
1454 27
1598 57
1660 34
1776 58
1812 14
1918 35
1920 59
2158 37
2254 39
2342 28
2555 38
2615 60
2632 36
2666 46
2728 40
3202 41
3322 65
3334 42
3341 33
3358 31
3533 43
3554 32
3909 61
5476 44
5671 64
6098 45
6564 62
6585 15
6783 63
7581 30
9859 29
1939971 16
