   1 Enter green/blue image path:
   1 Enter background image path:
 597 9
   1 82
 427 8
  25 79
  33 78
  69 77
  88 76
  86 75
  89 74
  57 73
  35 72
  56 71
  52 70
 249 7
 103 69
 176 68
 357 67
1348 66
3322 65
5671 64
6783 63
6564 62
3909 61
2615 60
 166 6
1920 59
1776 58
1598 57
1006 56
 933 55
 845 54
 708 53
 580 52
 570 51
 572 50
  76 5
 650 49
 797 48
1451 47
2666 46
6098 45
5476 44
3533 43
3334 42
3202 41
2728 40
  30 4
2254 39
2555 38
2158 37
2632 36
1918 35
1660 34
3341 33
3554 32
3358 31
7581 30
  20 3
9859 29
2342 28
1454 27
 818 26
 459 25
 318 24
 280 23
 276 22
 297 21
 273 20
   9 2
 232 19
 278 18
 276 17
1939971 16
6585 15
1812 14
1131 13
1038 12
 783 11
 651 10
