   1 Enter background image path:
   1 Enter green/blue image path:
   9 2
  20 3
  30 4
  76 5
 166 6
 249 7
 427 8
 597 9
 651 10
 783 11
1038 12
1131 13
1812 14
6585 15
1939971 16
 276 17
 278 18
 232 19
 273 20
 297 21
 276 22
 280 23
 318 24
 459 25
 818 26
1454 27
2342 28
9859 29
7581 30
3358 31
3554 32
3341 33
1660 34
1918 35
2632 36
2158 37
2555 38
2254 39
2728 40
3202 41
3334 42
3533 43
5476 44
6098 45
2666 46
1451 47
 797 48
 650 49
 572 50
 570 51
 580 52
 708 53
 845 54
 933 55
1006 56
1598 57
1776 58
1920 59
2615 60
3909 61
6564 62
6783 63
5671 64
3322 65
1348 66
 357 67
 176 68
 103 69
  52 70
  56 71
  35 72
  57 73
  89 74
  86 75
  88 76
  69 77
  33 78
  25 79
   1 82
